"extra_id","time","prog","id","y"
"1",0,1,1,7.50552371739991
"1.1",1,1,1,7.60606144394738
"1.2",2,1,1,9.34337794174583
"1.3",3,1,1,10.1314246172622
"1.4",4,1,1,11.2042525660338
"1.5",5,1,1,12.8810160060772
"2",0,0,2,7.39999761579115
"2.1",1,0,2,8.25779265179091
"2.2",2,0,2,7.86980617629732
"2.3",3,0,2,9.15868016243666
"2.4",4,0,2,9.9502308335932
"2.5",5,0,2,9.93559124708437
"3",0,0,3,7.15143879098368
"3.1",1,0,3,7.03615188104296
"3.2",2,0,3,7.52616278199267
"3.3",3,0,3,8.13795917355155
"3.4",4,0,3,9.45172844033835
"3.5",5,0,3,9.50692318711415
"4",0,0,4,6.87684809156251
"4.1",1,0,4,7.30981204126712
"4.2",2,0,4,7.50257154308067
"4.3",3,0,4,7.95271511581876
"4.4",4,0,4,8.00141960776038
"4.5",5,0,4,8.91377851725453
"5",0,0,5,7.87580527504222
"5.1",1,0,5,7.77707597974052
"5.2",2,0,5,8.79291133129376
"5.3",3,0,5,8.60523193923101
"5.4",4,0,5,9.43524531698384
"5.5",5,0,5,9.17834235527437
"6",0,0,6,7.36954070192343
"6.1",1,0,6,7.58324907021705
"6.2",2,0,6,8.78243515884409
"6.3",3,0,6,8.38793923363124
"6.4",4,0,6,9.00948196793487
"6.5",5,0,6,9.29358202422477
"7",0,1,7,4.78645039111106
"7.1",1,1,7,6.83884431872631
"7.2",2,1,7,8.04320134264785
"7.3",3,1,7,9.82450828789221
"7.4",4,1,7,10.4022227357869
"7.5",5,1,7,11.4569195589263
"8",0,1,8,7.32374063248556
"8.1",1,1,8,8.00626875108176
"8.2",2,1,8,9.92639032141134
"8.3",3,1,8,11.4585225748278
"8.4",4,1,8,12.5363817049475
"8.5",5,1,8,13.3404762288613
"9",0,0,9,6.95315655336226
"9.1",1,0,9,7.54051464921847
"9.2",2,0,9,6.29153797084425
"9.3",3,0,9,7.61592594380898
"9.4",4,0,9,7.78799361495136
"9.5",5,0,9,8.14021268668298
"10",0,0,10,3.40782890674091
"10.1",1,0,10,5.08650277122705
"10.2",2,0,10,5.59642350244044
"10.3",3,0,10,4.59422143777091
"10.4",4,0,10,5.79203049602794
"10.5",5,0,10,5.96677702002859
"11",0,0,11,5.35563301554065
"11.1",1,0,11,6.3374478559972
"11.2",2,0,11,6.95177291725827
"11.3",3,0,11,7.35650115920935
"11.4",4,0,11,8.33810414888081
"11.5",5,0,11,7.50874683071136
"12",0,0,12,6.60252732804528
"12.1",1,0,12,5.85732828758443
"12.2",2,0,12,6.0837490377063
"12.3",3,0,12,6.32269996032667
"12.4",4,0,12,8.51325436713108
"12.5",5,0,12,8.57251495879359
"13",0,1,13,5.47239827235623
"13.1",1,1,13,7.62122927727871
"13.2",2,1,13,9.86577531724235
"13.3",3,1,13,10.607705858501
"13.4",4,1,13,12.516358973579
"13.5",5,1,13,12.9673732739263
"14",0,1,14,4.70510812343089
"14.1",1,1,14,6.39385884922511
"14.2",2,1,14,6.98387998645068
"14.3",3,1,14,8.17133508836602
"14.4",4,1,14,9.52828464132327
"14.5",5,1,14,11.8740890408293
"15",0,0,15,5.84603044976501
"15.1",1,0,15,5.39816504181245
"15.2",2,0,15,6.23652131958772
"15.3",3,0,15,6.52390341913747
"15.4",4,0,15,6.89588744896779
"15.5",5,0,15,7.3421136313077
"16",0,0,16,5.73493185066792
"16.1",1,0,16,5.28320714646183
"16.2",2,0,16,6.05404473814833
"16.3",3,0,16,7.03482054393831
"16.4",4,0,16,7.46282787453541
"16.5",5,0,16,8.05399783786187
"17",0,0,17,6.44469793047215
"17.1",1,0,17,7.7717723398337
"17.2",2,0,17,8.64089064519012
"17.3",3,0,17,7.50906432348008
"17.4",4,0,17,8.37696882064518
"17.5",5,0,17,9.69670742057596
"18",0,1,18,7.85358353155472
"18.1",1,1,18,9.30219823440359
"18.2",2,1,18,10.2582147852534
"18.3",3,1,18,11.8194108050275
"18.4",4,1,18,12.5378001898304
"18.5",5,1,18,13.906540760082
"19",0,1,19,6.95905696970419
"19.1",1,1,19,7.65387891090465
"19.2",2,1,19,9.24492611059583
"19.3",3,1,19,9.0903879902422
"19.4",4,1,19,11.8424300448301
"19.5",5,1,19,13.5732180004549
"20",0,0,20,5.70721689561343
"20.1",1,0,20,6.48328679619805
"20.2",2,0,20,6.58787790003019
"20.3",3,0,20,6.80734384009274
"20.4",4,0,20,7.51959075966284
"20.5",5,0,20,7.50476516687229
"21",0,0,21,6.94615183046639
"21.1",1,0,21,6.99023059438563
"21.2",2,0,21,6.65458384225852
"21.3",3,0,21,8.64234430691221
"21.4",4,0,21,7.87308269121716
"21.5",5,0,21,8.97049475861435
"22",0,1,22,7.66374462254327
"22.1",1,1,22,9.56602518203694
"22.2",2,1,22,10.4976032300892
"22.3",3,1,22,11.6479045004294
"22.4",4,1,22,11.3243820635314
"22.5",5,1,22,14.4180995683365
"23",0,0,23,6.30374794679516
"23.1",1,0,23,6.20468548744941
"23.2",2,0,23,8.07263183176497
"23.3",3,0,23,7.97056817845837
"23.4",4,0,23,7.01693015625813
"23.5",5,0,23,7.91436163950691
"24",0,0,24,6.65706784867579
"24.1",1,0,24,5.77146191608745
"24.2",2,0,24,7.16034268018415
"24.3",3,0,24,7.23966097996182
"24.4",4,0,24,7.54001345888116
"24.5",5,0,24,8.2360247694472
"25",0,1,25,6.31626695744623
"25.1",1,1,25,6.22946444666395
"25.2",2,1,25,7.16075180257922
"25.3",3,1,25,9.96642075844361
"25.4",4,1,25,10.6124515356702
"25.5",5,1,25,11.7527773368117
"26",0,1,26,5.41522588360413
"26.1",1,1,26,6.61753753953047
"26.2",2,1,26,6.38360265520725
"26.3",3,1,26,8.33003958599594
"26.4",4,1,26,9.36281172174836
"26.5",5,1,26,10.658178707903
"27",0,1,27,6.09737508679408
"27.1",1,1,27,7.64216377772648
"27.2",2,1,27,8.75742393598711
"27.3",3,1,27,11.5653200257423
"27.4",4,1,27,11.6644712784684
"27.5",5,1,27,12.7472017624225
"28",0,0,28,4.80603810278901
"28.1",1,0,28,5.81590812645624
"28.2",2,0,28,6.76231929825366
"28.3",3,0,28,7.39036825141626
"28.4",4,0,28,6.86803065525088
"28.5",5,0,28,7.08298381287619
"29",0,0,29,6.10303395598232
"29.1",1,0,29,7.02911847048224
"29.2",2,0,29,8.10957042383365
"29.3",3,0,29,8.80084142360156
"29.4",4,0,29,7.69198150852449
"29.5",5,0,29,8.66378547696741
"30",0,0,30,5.8843763694663
"30.1",1,0,30,6.03274868858316
"30.2",2,0,30,5.38064592190877
"30.3",3,0,30,6.29205225398403
"30.4",4,0,30,6.60869874663559
"30.5",5,0,30,7.28398069632419
"31",0,1,31,7.20493773545175
"31.1",1,1,31,8.99577143457333
"31.2",2,1,31,9.68505565852675
"31.3",3,1,31,12.0431120132396
"31.4",4,1,31,11.6802468735671
"31.5",5,1,31,12.453568107752
"32",0,1,32,7.36825157241767
"32.1",1,1,32,6.82903208612779
"32.2",2,1,32,9.05110862564922
"32.3",3,1,32,10.2378482475203
"32.4",4,1,32,10.9497686096612
"32.5",5,1,32,12.8831015813292
"33",0,1,33,7.17089721082023
"33.1",1,1,33,8.45283504726294
"33.2",2,1,33,9.49159374143249
"33.3",3,1,33,11.0286805746403
"33.4",4,1,33,12.4201578382049
"33.5",5,1,33,12.7367870742442
"34",0,0,34,5.15061933662228
"34.1",1,0,34,6.00765310879131
"34.2",2,0,34,5.41516359512904
"34.3",3,0,34,6.61102143994071
"34.4",4,0,34,7.25754026819451
"34.5",5,0,34,8.65528261792428
"35",0,1,35,5.68163333703286
"35.1",1,1,35,7.06308039129283
"35.2",2,1,35,8.12850960603586
"35.3",3,1,35,9.08800670540345
"35.4",4,1,35,10.6617624223619
"35.5",5,1,35,12.2102002844427
"36",0,0,36,6.07606692917946
"36.1",1,0,36,6.68610299220513
"36.2",2,0,36,6.00548236715078
"36.3",3,0,36,6.59997761580603
"36.4",4,0,36,8.41600198175299
"36.5",5,0,36,8.5563496018224
"37",0,1,37,5.80619966447671
"37.1",1,1,37,7.05218262766441
"37.2",2,1,37,7.31453337542511
"37.3",3,1,37,8.50743113378696
"37.4",4,1,37,10.4222391000757
"37.5",5,1,37,12.2852521321625
"38",0,1,38,6.22592310051496
"38.1",1,1,38,7.57003026154312
"38.2",2,1,38,9.93845022042643
"38.3",3,1,38,10.2842977791086
"38.4",4,1,38,11.6551137930126
"38.5",5,1,38,12.2227340193456
"39",0,0,39,5.02177232664446
"39.1",1,0,39,5.57923364081273
"39.2",2,0,39,6.29313807183781
"39.3",3,0,39,6.45248696881804
"39.4",4,0,39,7.79088295049108
"39.5",5,0,39,7.05763600423896
"40",0,1,40,6.01779912530106
"40.1",1,1,40,8.0008219196279
"40.2",2,1,40,9.36204257452927
"40.3",3,1,40,11.3594100620127
"40.4",4,1,40,12.3832764196489
"40.5",5,1,40,14.0737065736522
"41",0,1,41,7.15737424921386
"41.1",1,1,41,7.51121346063499
"41.2",2,1,41,9.2733351261538
"41.3",3,1,41,10.6346456111868
"41.4",4,1,41,11.6000399036665
"41.5",5,1,41,13.7933468314824
"42",0,1,42,8.37437289193035
"42.1",1,1,42,9.01758009233132
"42.2",2,1,42,10.0480521441467
"42.3",3,1,42,11.5478476704681
"42.4",4,1,42,13.357107889865
"42.5",5,1,42,13.3331335897018
"43",0,0,43,5.53783405333999
"43.1",1,0,43,5.95406392508879
"43.2",2,0,43,6.47814612275649
"43.3",3,0,43,6.76643299486907
"43.4",4,0,43,8.23321853702137
"43.5",5,0,43,7.72581284615482
"44",0,1,44,6.27698520365518
"44.1",1,1,44,7.17901673728901
"44.2",2,1,44,9.26250224241278
"44.3",3,1,44,10.5476090174326
"44.4",4,1,44,12.1418259705093
"44.5",5,1,44,13.4703200144323
"45",0,1,45,7.29748169869795
"45.1",1,1,45,7.26921539314497
"45.2",2,1,45,9.15501143862515
"45.3",3,1,45,10.5416277656092
"45.4",4,1,45,11.4431613870076
"45.5",5,1,45,13.7408603412438
"46",0,1,46,5.63330545727014
"46.1",1,1,46,7.08815117808352
"46.2",2,1,46,6.56122358620956
"46.3",3,1,46,9.34874876148074
"46.4",4,1,46,10.4402548516541
"46.5",5,1,46,12.4722485536233
"47",0,1,47,6.32978237970322
"47.1",1,1,47,8.09214244098616
"47.2",2,1,47,10.53876344428
"47.3",3,1,47,10.7020971031574
"47.4",4,1,47,12.6634041098948
"47.5",5,1,47,13.9322731368163
"48",0,0,48,6.10349464401982
"48.1",1,0,48,6.74623535761527
"48.2",2,0,48,7.84511708946584
"48.3",3,0,48,9.01957845940348
"48.4",4,0,48,8.49324628386428
"48.5",5,0,48,9.40584999130951
"49",0,1,49,5.98904329330539
"49.1",1,1,49,8.51125860023816
"49.2",2,1,49,8.56903136973691
"49.3",3,1,49,11.2633043965859
"49.4",4,1,49,11.6231187736747
"49.5",5,1,49,12.5343967993255
"50",0,0,50,6.77267331811545
"50.1",1,0,50,6.08545603882285
"50.2",2,0,50,8.87407133499013
"50.3",3,0,50,7.8479163487453
"50.4",4,0,50,9.9470468726556
"50.5",5,0,50,10.252543228002
"51",0,1,51,6.80207431669054
"51.1",1,1,51,8.09944341203751
"51.2",2,1,51,9.94946202756102
"51.3",3,1,51,10.1047288438528
"51.4",4,1,51,11.9515697558759
"51.5",5,1,51,12.5852775682349
"52",0,0,52,7.67293614571909
"52.1",1,0,52,8.4476190784634
"52.2",2,0,52,8.00302033755126
"52.3",3,0,52,8.67178506320857
"52.4",4,0,52,9.26055777640878
"52.5",5,0,52,9.81939343505602
"53",0,0,53,5.84587729476486
"53.1",1,0,53,5.92746986014801
"53.2",2,0,53,7.70928146852562
"53.3",3,0,53,6.87458212670503
"53.4",4,0,53,7.41748971564165
"53.5",5,0,53,7.85013017948573
"54",0,0,54,7.27023573292252
"54.1",1,0,54,7.1616514424808
"54.2",2,0,54,8.85449882964572
"54.3",3,0,54,9.39912933222575
"54.4",4,0,54,9.59386067394138
"54.5",5,0,54,8.9102165161821
"55",0,1,55,6.3984862506647
"55.1",1,1,55,7.80803098576206
"55.2",2,1,55,8.42213028658664
"55.3",3,1,55,10.5942373810243
"55.4",4,1,55,11.8335518890669
"55.5",5,1,55,13.6881559777913
"56",0,1,56,5.26838174404184
"56.1",1,1,56,7.42888658333311
"56.2",2,1,56,8.95179617258091
"56.3",3,1,56,8.71617937531351
"56.4",4,1,56,11.3475687611304
"56.5",5,1,56,12.0664879881209
"57",0,0,57,4.91451152241035
"57.1",1,0,57,5.0334603880745
"57.2",2,0,57,6.47296304544243
"57.3",3,0,57,8.10986505216129
"57.4",4,0,57,8.13843544989629
"57.5",5,0,57,8.04720829121789
"58",0,0,58,5.88933769851887
"58.1",1,0,58,6.28265131757531
"58.2",2,0,58,7.01814517168046
"58.3",3,0,58,8.42394195190644
"58.4",4,0,58,7.80882646275907
"58.5",5,0,58,8.3666112323877
"59",0,0,59,6.87802176585984
"59.1",1,0,59,5.87143066773677
"59.2",2,0,59,8.09239579268833
"59.3",3,0,59,8.52252669693468
"59.4",4,0,59,9.77064458232821
"59.5",5,0,59,9.2214507240314
"60",0,0,60,8.35274367271982
"60.1",1,0,60,8.53983972367917
"60.2",2,0,60,9.31927948505292
"60.3",3,0,60,8.99994693885759
"60.4",4,0,60,9.18787089479499
"60.5",5,0,60,10.8466933715423
"61",0,1,61,7.09949211413003
"61.1",1,1,61,9.30055847691767
"61.2",2,1,61,9.66745594187042
"61.3",3,1,61,10.9386937753579
"61.4",4,1,61,12.2440562211199
"61.5",5,1,61,14.7776137276548
"62",0,0,62,7.3849610769886
"62.1",1,0,62,7.78144037331268
"62.2",2,0,62,8.50944151325253
"62.3",3,0,62,9.3383966667868
"62.4",4,0,62,9.63895209049368
"62.5",5,0,62,8.94488321398325
"63",0,1,63,6.82916618886322
"63.1",1,1,63,8.62155116492585
"63.2",2,1,63,9.49403335812729
"63.3",3,1,63,10.9458954033093
"63.4",4,1,63,12.8908789379886
"63.5",5,1,63,13.5865196158159
"64",0,0,64,4.66552637188202
"64.1",1,0,64,5.8418616331624
"64.2",2,0,64,6.06354708565397
"64.3",3,0,64,6.32751924323924
"64.4",4,0,64,7.87340101260692
"64.5",5,0,64,7.00786235178921
"65",0,1,65,7.48865219850328
"65.1",1,1,65,8.34645565330128
"65.2",2,1,65,9.76646243377096
"65.3",3,1,65,11.0169791367386
"65.4",4,1,65,12.0485247360202
"65.5",5,1,65,13.6926109354502
"66",0,0,66,4.21071701013974
"66.1",1,0,66,5.38242153742551
"66.2",2,0,66,5.44895394677416
"66.3",3,0,66,6.01944391577211
"66.4",4,0,66,7.15372151712607
"66.5",5,0,66,6.26881246194464
"67",0,1,67,6.53143046458964
"67.1",1,1,67,7.4560191127253
"67.2",2,1,67,7.86664765513478
"67.3",3,1,67,8.77278720316019
"67.4",4,1,67,11.8405804891885
"67.5",5,1,67,12.5716335833177
"68",0,1,68,6.01049524492164
"68.1",1,1,68,8.35144211019702
"68.2",2,1,68,9.46823916540137
"68.3",3,1,68,10.6388707741862
"68.4",4,1,68,13.1371422313469
"68.5",5,1,68,12.9403307852569
"69",0,1,69,4.27060776323706
"69.1",1,1,69,5.73334325912692
"69.2",2,1,69,7.08260794763712
"69.3",3,1,69,8.75083589149477
"69.4",4,1,69,9.20294481761694
"69.5",5,1,69,11.5425770728751
"70",0,0,70,6.25223202962754
"70.1",1,0,70,6.74196661153698
"70.2",2,0,70,7.12758711804216
"70.3",3,0,70,6.90688133274309
"70.4",4,0,70,8.09377336442745
"70.5",5,0,70,9.93484984790428
"71",0,1,71,6.68793226196443
"71.1",1,1,71,7.12062629918472
"71.2",2,1,71,9.64334901313041
"71.3",3,1,71,9.96841644783673
"71.4",4,1,71,11.0506087264711
"71.5",5,1,71,13.2610639406049
"72",0,0,72,7.6816265568986
"72.1",1,0,72,7.87394112330246
"72.2",2,0,72,8.5509960887902
"72.3",3,0,72,8.4807850237963
"72.4",4,0,72,8.71886048904705
"72.5",5,0,72,10.4925816680317
"73",0,1,73,5.36483167762435
"73.1",1,1,73,6.73214404274994
"73.2",2,1,73,7.38950872053801
"73.3",3,1,73,9.60633431906463
"73.4",4,1,73,9.89377659361498
"73.5",5,1,73,12.0949617897661
"74",0,0,74,5.67002610773486
"74.1",1,0,74,6.92984791518943
"74.2",2,0,74,6.75459269729937
"74.3",3,0,74,7.49141387984343
"74.4",4,0,74,7.11913321261037
"74.5",5,0,74,8.558704539866
"75",0,0,75,5.30989132862302
"75.1",1,0,75,7.46488859237842
"75.2",2,0,75,6.6459355622979
"75.3",3,0,75,6.85276063000721
"75.4",4,0,75,6.76259692817741
"75.5",5,0,75,8.73412911621689
"76",0,0,76,7.3239809278467
"76.1",1,0,76,6.55274810147568
"76.2",2,0,76,8.083213703835
"76.3",3,0,76,8.01392872496143
"76.4",4,0,76,8.51164383713685
"76.5",5,0,76,8.68813619679416
"77",0,1,77,4.29447802581488
"77.1",1,1,77,5.91108604737597
"77.2",2,1,77,8.10648346563722
"77.3",3,1,77,8.90550010879001
"77.4",4,1,77,9.68479962452361
"77.5",5,1,77,11.9536728734109
"78",0,0,78,5.80614702126633
"78.1",1,0,78,6.21882473700413
"78.2",2,0,78,7.06154566714083
"78.3",3,0,78,7.38738106131153
"78.4",4,0,78,7.47142347748711
"78.5",5,0,78,8.63478528379398
"79",0,0,79,4.26521892148707
"79.1",1,0,79,4.53152064584262
"79.2",2,0,79,6.21490532350187
"79.3",3,0,79,6.4057383641711
"79.4",4,0,79,7.1701431769006
"79.5",5,0,79,6.74403225408254
"80",0,0,80,5.079595427525
"80.1",1,0,80,6.71599865870527
"80.2",2,0,80,6.25489844376723
"80.3",3,0,80,6.72860266841228
"80.4",4,0,80,8.82614672806407
"80.5",5,0,80,7.37160910736231
"81",0,1,81,7.38434344253015
"81.1",1,1,81,8.13180496145126
"81.2",2,1,81,10.6556824621786
"81.3",3,1,81,9.91315016957216
"81.4",4,1,81,13.0506048909
"81.5",5,1,81,14.5648495184957
"82",0,0,82,7.94656576874715
"82.1",1,0,82,7.18020977563
"82.2",2,0,82,7.55039049544162
"82.3",3,0,82,9.50677227599459
"82.4",4,0,82,9.03645875058676
"82.5",5,0,82,8.91726851324068
"83",0,0,83,8.40994756857421
"83.1",1,0,83,7.94009422923769
"83.2",2,0,83,7.91681532203706
"83.3",3,0,83,8.45034716450904
"83.4",4,0,83,10.543166508957
"83.5",5,0,83,10.1763689808825
"84",0,0,84,6.21978343779718
"84.1",1,0,84,6.3849947266155
"84.2",2,0,84,8.07165389290934
"84.3",3,0,84,8.6435420424781
"84.4",4,0,84,8.11130507319142
"84.5",5,0,84,9.04636910066035
"85",0,1,85,6.10027886525988
"85.1",1,1,85,7.16774217013476
"85.2",2,1,85,9.90832604830633
"85.3",3,1,85,10.3566543855384
"85.4",4,1,85,11.8269476969838
"85.5",5,1,85,12.4574991787278
"86",0,0,86,6.74876641082285
"86.1",1,0,86,7.52111941294584
"86.2",2,0,86,8.67465789721399
"86.3",3,0,86,9.28443550414426
"86.4",4,0,86,8.53541280921452
"86.5",5,0,86,9.9488633369997
"87",0,1,87,8.02494386710022
"87.1",1,1,87,9.14236261940624
"87.2",2,1,87,10.4264272917622
"87.3",3,1,87,11.1833626792637
"87.4",4,1,87,12.728792724563
"87.5",5,1,87,13.1644499265701
"88",0,1,88,7.14141413397183
"88.1",1,1,88,8.27740532958399
"88.2",2,1,88,10.0583913595975
"88.3",3,1,88,11.3361826052343
"88.4",4,1,88,13.5764396730355
"88.5",5,1,88,13.3983475635641
"89",0,0,89,4.68791867923755
"89.1",1,0,89,4.6834258108281
"89.2",2,0,89,6.69327406574827
"89.3",3,0,89,6.59510000081578
"89.4",4,0,89,6.53986459507671
"89.5",5,0,89,8.38746651948359
"90",0,0,90,7.21764519261442
"90.1",1,0,90,6.42113434585849
"90.2",2,0,90,8.01751477302339
"90.3",3,0,90,8.22680444478537
"90.4",4,0,90,7.9237713997492
"90.5",5,0,90,8.23047352505775
"91",0,1,91,6.02129357071037
"91.1",1,1,91,8.93836442872745
"91.2",2,1,91,10.4922084828288
"91.3",3,1,91,11.4373098702486
"91.4",4,1,91,12.516474218295
"91.5",5,1,91,14.2037186907396
"92",0,0,92,8.69050849527756
"92.1",1,0,92,8.65469825868698
"92.2",2,0,92,8.30435955787048
"92.3",3,0,92,9.9741464810342
"92.4",4,0,92,10.9090412904994
"92.5",5,0,92,10.7033148149733
"93",0,1,93,6.32378516699504
"93.1",1,1,93,7.28029627501359
"93.2",2,1,93,8.90483255328178
"93.3",3,1,93,9.77217969760233
"93.4",4,1,93,10.7301302080607
"93.5",5,1,93,11.8651410909335
"94",0,1,94,6.53331618993832
"94.1",1,1,94,8.05183303899964
"94.2",2,1,94,9.70972783960787
"94.3",3,1,94,10.5457652537405
"94.4",4,1,94,11.3622097620799
"94.5",5,1,94,12.8188643102603
"95",0,1,95,6.34443316844891
"95.1",1,1,95,7.21637489317543
"95.2",2,1,95,9.45151273275488
"95.3",3,1,95,10.983201503819
"95.4",4,1,95,11.7627796268861
"95.5",5,1,95,13.285133547701
"96",0,0,96,7.77679878359446
"96.1",1,0,96,8.75598153590382
"96.2",2,0,96,8.42717749041456
"96.3",3,0,96,9.53525464007945
"96.4",4,0,96,9.69674348850667
"96.5",5,0,96,10.4666798903502
"97",0,1,97,5.24866559659302
"97.1",1,1,97,6.56071291463945
"97.2",2,1,97,8.39059479921206
"97.3",3,1,97,9.18882843200045
"97.4",4,1,97,9.81568723442477
"97.5",5,1,97,11.2473466131908
"98",0,0,98,4.97993981147644
"98.1",1,0,98,6.07591510054838
"98.2",2,0,98,6.75958337834811
"98.3",3,0,98,6.16981755693779
"98.4",4,0,98,8.21923820584002
"98.5",5,0,98,7.79696012507925
"99",0,0,99,6.268929150188
"99.1",1,0,99,7.64753354994173
"99.2",2,0,99,6.89709254187683
"99.3",3,0,99,8.37262342083985
"99.4",4,0,99,9.10870523935722
"99.5",5,0,99,10.7573317488821
"100",0,0,100,6.67920874985446
"100.1",1,0,100,8.80027679262126
"100.2",2,0,100,9.60314603640434
"100.3",3,0,100,10.2017963478829
"100.4",4,0,100,9.78099893336685
"100.5",5,0,100,10.0422343105897
"101",0,0,101,5.5466613001883
"101.1",1,0,101,6.76684641076033
"101.2",2,0,101,7.45082241059807
"101.3",3,0,101,8.33654804334717
"101.4",4,0,101,8.34398655845246
"101.5",5,0,101,9.09315211905064
"102",0,0,102,6.41813947290226
"102.1",1,0,102,7.09134630483574
"102.2",2,0,102,7.23597726671737
"102.3",3,0,102,7.02416943747898
"102.4",4,0,102,7.22448425566168
"102.5",5,0,102,8.32423412550293
"103",0,0,103,6.93888186164804
"103.1",1,0,103,6.59369713663819
"103.2",2,0,103,7.742356598401
"103.3",3,0,103,7.22481571458211
"103.4",4,0,103,8.85032898018526
"103.5",5,0,103,9.29706156611627
"104",0,1,104,5.57082963596058
"104.1",1,1,104,6.81053882322188
"104.2",2,1,104,8.50138658221481
"104.3",3,1,104,8.71026320187348
"104.4",4,1,104,11.5504047475532
"104.5",5,1,104,12.5012708588167
"105",0,1,105,5.32890982348542
"105.1",1,1,105,7.27692967580048
"105.2",2,1,105,9.41842001393498
"105.3",3,1,105,9.01167435153015
"105.4",4,1,105,10.7538177180855
"105.5",5,1,105,12.1229174069975
"106",0,1,106,4.27364539264116
"106.1",1,1,106,7.14818945458617
"106.2",2,1,106,7.58014908303272
"106.3",3,1,106,10.1703629900771
"106.4",4,1,106,10.7460301809662
"106.5",5,1,106,12.1112510012391
"107",0,0,107,6.5537225166383
"107.1",1,0,107,6.04121027205078
"107.2",2,0,107,7.04345674401794
"107.3",3,0,107,7.81165742250382
"107.4",4,0,107,9.17090892305974
"107.5",5,0,107,8.4282091199941
"108",0,1,108,7.03054476510212
"108.1",1,1,108,7.50450398870822
"108.2",2,1,108,9.67507448183974
"108.3",3,1,108,9.72327127976369
"108.4",4,1,108,11.5394050716431
"108.5",5,1,108,11.6734444504765
"109",0,1,109,6.82072038384928
"109.1",1,1,109,7.7770881505853
"109.2",2,1,109,9.69291985872068
"109.3",3,1,109,9.19489740922433
"109.4",4,1,109,11.9843067209249
"109.5",5,1,109,13.5872177803284
"110",0,1,110,6.58121141963842
"110.1",1,1,110,8.92141203064264
"110.2",2,1,110,9.06775068892734
"110.3",3,1,110,10.1308616114261
"110.4",4,1,110,12.1511974895692
"110.5",5,1,110,12.8987948999165
"111",0,0,111,5.971740993335
"111.1",1,0,111,7.04844063912254
"111.2",2,0,111,7.09121822786573
"111.3",3,0,111,7.71073601460787
"111.4",4,0,111,8.08670967305967
"111.5",5,0,111,8.21359828028672
"112",0,1,112,7.19428631015912
"112.1",1,1,112,8.35122452075644
"112.2",2,1,112,10.628790696649
"112.3",3,1,112,10.9224536473292
"112.4",4,1,112,11.7908421721201
"112.5",5,1,112,14.5285402675772
"113",0,1,113,6.01635992082727
"113.1",1,1,113,6.56503684625176
"113.2",2,1,113,9.03062178140115
"113.3",3,1,113,9.9060082417587
"113.4",4,1,113,10.5945633012315
"113.5",5,1,113,11.9455155156983
"114",0,1,114,6.75773828765842
"114.1",1,1,114,7.7941545068038
"114.2",2,1,114,9.43196053709232
"114.3",3,1,114,10.0011800364556
"114.4",4,1,114,12.1870127220146
"114.5",5,1,114,13.6533635175555
"115",0,0,115,5.52481204940207
"115.1",1,0,115,6.07903234441606
"115.2",2,0,115,6.63945560736358
"115.3",3,0,115,7.14569198599398
"115.4",4,0,115,7.65179482112475
"115.5",5,0,115,7.71302717069729
"116",0,1,116,6.33651644442544
"116.1",1,1,116,7.50341653799489
"116.2",2,1,116,9.51580705470574
"116.3",3,1,116,8.58836777809696
"116.4",4,1,116,11.2088177303946
"116.5",5,1,116,13.1254113868551
"117",0,0,117,4.48030342912558
"117.1",1,0,117,2.98265986550201
"117.2",2,0,117,4.49423513624869
"117.3",3,0,117,6.28275459279607
"117.4",4,0,117,6.54104855287023
"117.5",5,0,117,7.05588907290474
"118",0,1,118,7.46765415498411
"118.1",1,1,118,8.54569211828686
"118.2",2,1,118,10.480882943591
"118.3",3,1,118,11.0025853306524
"118.4",4,1,118,13.6226090882775
"118.5",5,1,118,13.6504230632692
"119",0,1,119,7.50826833115021
"119.1",1,1,119,8.33965849800963
"119.2",2,1,119,10.4281275743094
"119.3",3,1,119,10.7363912355209
"119.4",4,1,119,12.7983479823837
"119.5",5,1,119,13.3592111364369
"120",0,1,120,5.65052003699035
"120.1",1,1,120,6.74386282113284
"120.2",2,1,120,8.86177432266319
"120.3",3,1,120,9.48952240795425
"120.4",4,1,120,10.7263879757235
"120.5",5,1,120,11.7725762682703
"121",0,0,121,7.30622031854706
"121.1",1,0,121,7.02743137328437
"121.2",2,0,121,7.83700782094553
"121.3",3,0,121,7.18213629753801
"121.4",4,0,121,7.59155362490836
"121.5",5,0,121,8.98957285048438
"122",0,1,122,7.26180226176055
"122.1",1,1,122,8.40994648445469
"122.2",2,1,122,9.5115430268859
"122.3",3,1,122,9.56951168249289
"122.4",4,1,122,11.6200049848022
"122.5",5,1,122,13.4200333455141
"123",0,1,123,6.96536768858382
"123.1",1,1,123,8.3502981336979
"123.2",2,1,123,8.29822822611368
"123.3",3,1,123,10.286964588258
"123.4",4,1,123,11.387341879652
"123.5",5,1,123,13.5466294926336
"124",0,1,124,3.35631494000375
"124.1",1,1,124,5.62802992843493
"124.2",2,1,124,6.86717995667176
"124.3",3,1,124,7.26996065736523
"124.4",4,1,124,8.5019157360184
"124.5",5,1,124,9.33904190099467
"125",0,1,125,6.4904207713183
"125.1",1,1,125,6.99568771760715
"125.2",2,1,125,7.74137044726719
"125.3",3,1,125,10.1559029678945
"125.4",4,1,125,11.6026016202918
"125.5",5,1,125,13.3077117733876
"126",0,0,126,6.14108425080985
"126.1",1,0,126,6.27547797234512
"126.2",2,0,126,6.73546460263826
"126.3",3,0,126,7.56907364634456
"126.4",4,0,126,8.98581527925761
"126.5",5,0,126,8.08062534145715
"127",0,0,127,5.431968113491
"127.1",1,0,127,7.35719970621246
"127.2",2,0,127,8.99510348098486
"127.3",3,0,127,7.76132323905403
"127.4",4,0,127,8.54996131867085
"127.5",5,0,127,9.14962975245682
"128",0,0,128,7.91819241982417
"128.1",1,0,128,7.57176121582026
"128.2",2,0,128,7.91252826627286
"128.3",3,0,128,7.66970016147607
"128.4",4,0,128,8.79635359825731
"128.5",5,0,128,10.5636359281763
"129",0,0,129,7.78723116799998
"129.1",1,0,129,8.36305779185156
"129.2",2,0,129,7.59062431846557
"129.3",3,0,129,7.80543032585485
"129.4",4,0,129,8.42193348468683
"129.5",5,0,129,9.22942807350901
"130",0,1,130,4.85986767220615
"130.1",1,1,130,6.58391813894464
"130.2",2,1,130,8.68972370178237
"130.3",3,1,130,9.44793146160382
"130.4",4,1,130,11.0188610816829
"130.5",5,1,130,13.087537748611
"131",0,0,131,8.29626285091449
"131.1",1,0,131,7.8147145621747
"131.2",2,0,131,8.6969578751137
"131.3",3,0,131,9.2478178070634
"131.4",4,0,131,9.43020244347146
"131.5",5,0,131,10.5806921773434
"132",0,0,132,5.46835677029716
"132.1",1,0,132,5.57976105340787
"132.2",2,0,132,6.61506238756586
"132.3",3,0,132,7.57712962702419
"132.4",4,0,132,7.44139686585361
"132.5",5,0,132,8.05878113230829
"133",0,1,133,5.60511083126893
"133.1",1,1,133,6.78375675490431
"133.2",2,1,133,6.8452394498395
"133.3",3,1,133,9.33639158121481
"133.4",4,1,133,10.2937115802849
"133.5",5,1,133,12.4231577385828
"134",0,0,134,5.87011848011331
"134.1",1,0,134,6.52216850286558
"134.2",2,0,134,7.81423718492279
"134.3",3,0,134,8.6156274895519
"134.4",4,0,134,8.13054270347622
"134.5",5,0,134,8.19051017805292
"135",0,0,135,5.78978430122041
"135.1",1,0,135,7.81511312126504
"135.2",2,0,135,6.93894349585629
"135.3",3,0,135,6.56417994352407
"135.4",4,0,135,7.103643513687
"135.5",5,0,135,8.64713718682
"136",0,0,136,7.87044831353301
"136.1",1,0,136,8.38563829009931
"136.2",2,0,136,8.50953216352071
"136.3",3,0,136,9.45863246095633
"136.4",4,0,136,9.85721267795361
"136.5",5,0,136,10.7845285570673
"137",0,1,137,3.80433666983729
"137.1",1,1,137,5.7989928995086
"137.2",2,1,137,7.55728742819351
"137.3",3,1,137,8.73146870581018
"137.4",4,1,137,9.98807874907989
"137.5",5,1,137,11.919891574581
"138",0,0,138,6.37910953532356
"138.1",1,0,138,6.04415465331892
"138.2",2,0,138,7.34207042116362
"138.3",3,0,138,8.24218286189141
"138.4",4,0,138,9.27501908997573
"138.5",5,0,138,8.49956812770589
"139",0,0,139,7.41852581377147
"139.1",1,0,139,7.9727292444435
"139.2",2,0,139,8.97108859714724
"139.3",3,0,139,9.3338802897515
"139.4",4,0,139,9.4771355575416
"139.5",5,0,139,10.3953757514089
"140",0,1,140,7.38694805317704
"140.1",1,1,140,9.34183280587035
"140.2",2,1,140,9.84045853371096
"140.3",3,1,140,10.8573018935397
"140.4",4,1,140,12.0216679524944
"140.5",5,1,140,13.7122240991088
"141",0,1,141,7.08762568501262
"141.1",1,1,141,7.6266588519584
"141.2",2,1,141,9.24089154338885
"141.3",3,1,141,11.36372349964
"141.4",4,1,141,13.2560611595584
"141.5",5,1,141,13.1841677184661
"142",0,0,142,6.60330251931646
"142.1",1,0,142,5.42295050394573
"142.2",2,0,142,7.10180938120866
"142.3",3,0,142,6.82580582079397
"142.4",4,0,142,6.68224108206262
"142.5",5,0,142,7.5952520369673
"143",0,1,143,4.63545875879874
"143.1",1,1,143,6.49471368032755
"143.2",2,1,143,7.03037860511504
"143.3",3,1,143,8.93605133724972
"143.4",4,1,143,9.20831166898873
"143.5",5,1,143,10.559836934543
"144",0,0,144,7.99893049816556
"144.1",1,0,144,8.17823018259617
"144.2",2,0,144,8.11808526627991
"144.3",3,0,144,8.21024834109045
"144.4",4,0,144,8.61986715258239
"144.5",5,0,144,9.2811301560138
"145",0,1,145,5.50111326326111
"145.1",1,1,145,6.70419443450744
"145.2",2,1,145,7.05092446517826
"145.3",3,1,145,10.101615047831
"145.4",4,1,145,12.3625709757405
"145.5",5,1,145,12.6435092158214
"146",0,0,146,6.04398769004845
"146.1",1,0,146,5.91492494317637
"146.2",2,0,146,7.79440744401895
"146.3",3,0,146,8.64267588747117
"146.4",4,0,146,8.53346822671587
"146.5",5,0,146,8.12670508032848
"147",0,0,147,5.37266852123481
"147.1",1,0,147,6.85007125379141
"147.2",2,0,147,7.1898067739274
"147.3",3,0,147,7.0114107203212
"147.4",4,0,147,7.42492800078124
"147.5",5,0,147,7.87046009542998
"148",0,1,148,2.64300602786479
"148.1",1,1,148,4.89034494430113
"148.2",2,1,148,5.25186933904052
"148.3",3,1,148,7.06545488825588
"148.4",4,1,148,9.21235141180206
"148.5",5,1,148,9.32154111197887
"149",0,1,149,6.55800382714624
"149.1",1,1,149,7.76981082003965
"149.2",2,1,149,7.86124901374389
"149.3",3,1,149,10.0330796108574
"149.4",4,1,149,11.2901487154008
"149.5",5,1,149,13.1360931575392
"150",0,1,150,5.88420928061212
"150.1",1,1,150,6.8400837809551
"150.2",2,1,150,8.17073450143736
"150.3",3,1,150,9.13424219784708
"150.4",4,1,150,11.1657037108177
"150.5",5,1,150,12.950438512226
"151",0,0,151,6.2600577949553
"151.1",1,0,151,6.934007806338
"151.2",2,0,151,8.96202573926798
"151.3",3,0,151,8.74840989710269
"151.4",4,0,151,9.11121921590271
"151.5",5,0,151,9.39447647565481
"152",0,0,152,6.72228564041002
"152.1",1,0,152,7.47721660569721
"152.2",2,0,152,6.61468609321784
"152.3",3,0,152,7.17792077895714
"152.4",4,0,152,8.08594262507013
"152.5",5,0,152,8.57886961643724
"153",0,1,153,8.28726172743746
"153.1",1,1,153,8.13605379748836
"153.2",2,1,153,10.0309120312178
"153.3",3,1,153,11.0922068810727
"153.4",4,1,153,12.8333967806229
"153.5",5,1,153,13.2826229865576
"154",0,0,154,6.13223426539758
"154.1",1,0,154,5.48783911858769
"154.2",2,0,154,6.60268589098477
"154.3",3,0,154,8.09271700255923
"154.4",4,0,154,7.68492970455791
"154.5",5,0,154,8.80200672364522
"155",0,0,155,6.79491284213331
"155.1",1,0,155,7.41222590765713
"155.2",2,0,155,7.61282706069556
"155.3",3,0,155,9.0127939453781
"155.4",4,0,155,8.35735471843964
"155.5",5,0,155,9.01802974001773
"156",0,0,156,6.93478899829723
"156.1",1,0,156,6.70720939649549
"156.2",2,0,156,8.02268224994246
"156.3",3,0,156,8.77466792040431
"156.4",4,0,156,9.24488234008274
"156.5",5,0,156,10.4990125212015
"157",0,1,157,7.08690365929832
"157.1",1,1,157,8.46781314723955
"157.2",2,1,157,9.11784968277191
"157.3",3,1,157,11.4743101769104
"157.4",4,1,157,12.6155951196966
"157.5",5,1,157,14.2179112362038
"158",0,0,158,5.03421005854562
"158.1",1,0,158,6.30316971170715
"158.2",2,0,158,7.50064840434009
"158.3",3,0,158,7.86562432926351
"158.4",4,0,158,8.18962114336461
"158.5",5,0,158,8.16473396450331
"159",0,1,159,6.01898537707134
"159.1",1,1,159,5.73057947581222
"159.2",2,1,159,8.63889434756285
"159.3",3,1,159,9.69465849954948
"159.4",4,1,159,10.1051490830992
"159.5",5,1,159,12.4180950715889
"160",0,1,160,7.41228186152891
"160.1",1,1,160,8.66277259395752
"160.2",2,1,160,9.06630036348696
"160.3",3,1,160,11.3492004647923
"160.4",4,1,160,13.2241432178209
"160.5",5,1,160,12.5605907501017
"161",0,0,161,4.25265247587487
"161.1",1,0,161,5.3498337148437
"161.2",2,0,161,6.81475425900531
"161.3",3,0,161,7.09452889601127
"161.4",4,0,161,8.26873107225394
"161.5",5,0,161,7.2274563571344
"162",0,1,162,5.08767655803512
"162.1",1,1,162,6.5669556343635
"162.2",2,1,162,6.88991271630264
"162.3",3,1,162,9.60981598109963
"162.4",4,1,162,10.1988104523646
"162.5",5,1,162,12.2886615873241
"163",0,1,163,7.04951399644167
"163.1",1,1,163,6.93710005118854
"163.2",2,1,163,11.2048780945573
"163.3",3,1,163,10.2394722016528
"163.4",4,1,163,11.3784884509495
"163.5",5,1,163,13.1932447798562
"164",0,0,164,6.93702321785946
"164.1",1,0,164,8.09486036459828
"164.2",2,0,164,8.10954351275787
"164.3",3,0,164,9.25296897177175
"164.4",4,0,164,8.80798056342308
"164.5",5,0,164,10.0293582097037
"165",0,0,165,5.94006367466403
"165.1",1,0,165,6.48310429582176
"165.2",2,0,165,6.15315174718388
"165.3",3,0,165,6.76951445584864
"165.4",4,0,165,8.41831148441668
"165.5",5,0,165,7.62473786967319
"166",0,0,166,6.98487874985238
"166.1",1,0,166,7.76867664006942
"166.2",2,0,166,6.790084638316
"166.3",3,0,166,8.21172668479586
"166.4",4,0,166,8.93582830551528
"166.5",5,0,166,10.799509858496
"167",0,0,167,8.27371394995803
"167.1",1,0,167,7.81383490756092
"167.2",2,0,167,8.21572244614129
"167.3",3,0,167,8.66508164232015
"167.4",4,0,167,10.647930986538
"167.5",5,0,167,9.68592019462174
"168",0,0,168,5.50917503402644
"168.1",1,0,168,6.21131180304287
"168.2",2,0,168,6.65507060587688
"168.3",3,0,168,7.06457910061039
"168.4",4,0,168,7.86233482512964
"168.5",5,0,168,7.4025992949336
"169",0,0,169,5.65103020548089
"169.1",1,0,169,6.45603409249891
"169.2",2,0,169,5.92616211912421
"169.3",3,0,169,6.01769308792591
"169.4",4,0,169,7.13445064286536
"169.5",5,0,169,7.66806989991356
"170",0,0,170,6.36396915442966
"170.1",1,0,170,6.16862956839121
"170.2",2,0,170,6.57054899230739
"170.3",3,0,170,7.33841660881548
"170.4",4,0,170,7.08122323286019
"170.5",5,0,170,7.03414681883351
"171",0,1,171,5.96024937953186
"171.1",1,1,171,6.75971500551001
"171.2",2,1,171,8.40230105678533
"171.3",3,1,171,9.46183409431025
"171.4",4,1,171,11.3252590514281
"171.5",5,1,171,12.1753409775515
"172",0,1,172,7.31963283955104
"172.1",1,1,172,8.04957266969874
"172.2",2,1,172,10.7470267999391
"172.3",3,1,172,10.6349109947972
"172.4",4,1,172,12.6435712790696
"172.5",5,1,172,14.1448597948013
"173",0,1,173,5.42096490291911
"173.1",1,1,173,6.52673641707305
"173.2",2,1,173,7.37420534794296
"173.3",3,1,173,9.00490850108949
"173.4",4,1,173,9.17838066814262
"173.5",5,1,173,12.072134472243
"174",0,1,174,7.07970554985423
"174.1",1,1,174,7.5855446345011
"174.2",2,1,174,9.70843225325428
"174.3",3,1,174,11.093530890547
"174.4",4,1,174,12.2377570707164
"174.5",5,1,174,11.9087171037382
"175",0,0,175,6.78374075868068
"175.1",1,0,175,7.71016305431009
"175.2",2,0,175,8.66735192100376
"175.3",3,0,175,7.78621165763871
"175.4",4,0,175,9.86019895620573
"175.5",5,0,175,9.42919638986526
"176",0,1,176,6.18750615635475
"176.1",1,1,176,6.37646561330879
"176.2",2,1,176,7.82382185075623
"176.3",3,1,176,9.83403753721578
"176.4",4,1,176,10.9534715466216
"176.5",5,1,176,10.5789659446291
"177",0,1,177,8.05718353559441
"177.1",1,1,177,8.86289450041303
"177.2",2,1,177,10.9054784835605
"177.3",3,1,177,11.1312994022832
"177.4",4,1,177,12.8915605292471
"177.5",5,1,177,13.358947407806
"178",0,1,178,7.59711403019689
"178.1",1,1,178,8.52713815243553
"178.2",2,1,178,9.18960277843253
"178.3",3,1,178,10.0148372347922
"178.4",4,1,178,12.5178486006984
"178.5",5,1,178,14.1220248684825
"179",0,1,179,6.82710382493944
"179.1",1,1,179,7.30016995897276
"179.2",2,1,179,9.20648595587253
"179.3",3,1,179,11.1567293806355
"179.4",4,1,179,11.6650855853523
"179.5",5,1,179,12.2794320469564
"180",0,1,180,6.88416501239308
"180.1",1,1,180,9.28622289593049
"180.2",2,1,180,9.73521005681932
"180.3",3,1,180,11.9790666324282
"180.4",4,1,180,12.3127968649102
"180.5",5,1,180,14.3090095796833
"181",0,0,181,5.77332394204328
"181.1",1,0,181,5.84835087142122
"181.2",2,0,181,7.62604172449179
"181.3",3,0,181,6.3589039933889
"181.4",4,0,181,8.34012683798476
"181.5",5,0,181,8.9368316942132
"182",0,0,182,7.11938345793083
"182.1",1,0,182,7.14070628475721
"182.2",2,0,182,7.75830696695893
"182.3",3,0,182,9.44637261459331
"182.4",4,0,182,8.93369182039624
"182.5",5,0,182,9.69320127096821
"183",0,1,183,6.80700742167645
"183.1",1,1,183,6.76732413361148
"183.2",2,1,183,9.01374202981324
"183.3",3,1,183,11.3939615181788
"183.4",4,1,183,11.7611851300948
"183.5",5,1,183,13.1155874634289
"184",0,0,184,4.38334089855968
"184.1",1,0,184,4.94816984792907
"184.2",2,0,184,5.26454687703405
"184.3",3,0,184,6.5395804311766
"184.4",4,0,184,6.08580299911455
"184.5",5,0,184,6.1221582653893
"185",0,1,185,5.77741186368784
"185.1",1,1,185,7.71674253234088
"185.2",2,1,185,8.76857562461433
"185.3",3,1,185,10.4069752725197
"185.4",4,1,185,10.4087163153888
"185.5",5,1,185,12.7113392178629
"186",0,1,186,5.67159172144103
"186.1",1,1,186,7.49000484439059
"186.2",2,1,186,7.89039484717639
"186.3",3,1,186,10.5647920051542
"186.4",4,1,186,11.5380534624041
"186.5",5,1,186,13.0615336537336
"187",0,1,187,6.80873894832972
"187.1",1,1,187,8.36386564938625
"187.2",2,1,187,8.32410989271604
"187.3",3,1,187,10.9251629510431
"187.4",4,1,187,12.2337632406664
"187.5",5,1,187,12.6709566558605
"188",0,0,188,5.990997945822
"188.1",1,0,188,6.70050021160144
"188.2",2,0,188,7.22661912708111
"188.3",3,0,188,7.03789761649993
"188.4",4,0,188,7.44718973968446
"188.5",5,0,188,8.34286127079159
"189",0,0,189,5.84066708319458
"189.1",1,0,189,7.02270615590606
"189.2",2,0,189,7.53251721929136
"189.3",3,0,189,7.41727476260884
"189.4",4,0,189,8.69893724634751
"189.5",5,0,189,8.83665778253956
"190",0,0,190,5.88271435967165
"190.1",1,0,190,6.60077695975112
"190.2",2,0,190,6.8052618916848
"190.3",3,0,190,6.68322670420815
"190.4",4,0,190,7.25024449946068
"190.5",5,0,190,8.42476661024444
"191",0,0,191,7.03040444556107
"191.1",1,0,191,6.89318301620644
"191.2",2,0,191,6.96225265693435
"191.3",3,0,191,7.32146254236365
"191.4",4,0,191,8.59922283686656
"191.5",5,0,191,8.41548082726135
"192",0,0,192,6.6589964624308
"192.1",1,0,192,6.32518165774347
"192.2",2,0,192,7.25671021512692
"192.3",3,0,192,7.67886787853158
"192.4",4,0,192,8.05630280130834
"192.5",5,0,192,9.07505815724413
"193",0,0,193,4.78948541004581
"193.1",1,0,193,4.65758728043484
"193.2",2,0,193,5.39097363053858
"193.3",3,0,193,6.57520364464369
"193.4",4,0,193,6.92670321043888
"193.5",5,0,193,9.06198187071111
"194",0,0,194,6.97724051039413
"194.1",1,0,194,7.94531854078254
"194.2",2,0,194,9.16344289760833
"194.3",3,0,194,9.46851879531021
"194.4",4,0,194,10.6505208970181
"194.5",5,0,194,10.5219135913465
"195",0,0,195,7.67586223149744
"195.1",1,0,195,8.2664990602278
"195.2",2,0,195,9.51506782530712
"195.3",3,0,195,9.19496151788034
"195.4",4,0,195,9.16207653902181
"195.5",5,0,195,9.86081425319296
"196",0,0,196,8.66105210104338
"196.1",1,0,196,7.90615718224984
"196.2",2,0,196,9.11393484257222
"196.3",3,0,196,9.81422275653441
"196.4",4,0,196,9.84814088691894
"196.5",5,0,196,10.8604497004105
"197",0,0,197,5.93831517086854
"197.1",1,0,197,6.10113740850555
"197.2",2,0,197,6.22108615411624
"197.3",3,0,197,6.85064969220308
"197.4",4,0,197,8.20493305305339
"197.5",5,0,197,7.08146014922318
"198",0,1,198,7.69109137406394
"198.1",1,1,198,7.85333570592404
"198.2",2,1,198,10.2921079983725
"198.3",3,1,198,10.6082734834642
"198.4",4,1,198,11.9635757035261
"198.5",5,1,198,13.0500967840937
"199",0,0,199,6.66494036920843
"199.1",1,0,199,7.36118682196051
"199.2",2,0,199,8.71405465839095
"199.3",3,0,199,9.00518568981963
"199.4",4,0,199,10.1028622249513
"199.5",5,0,199,8.77624658206843
"200",0,0,200,5.81540442734944
"200.1",1,0,200,6.32020718301319
"200.2",2,0,200,7.28462567685999
"200.3",3,0,200,7.12766106764358
"200.4",4,0,200,8.65676381202481
"200.5",5,0,200,7.96167978516425
